# Created by Octave 8.4.0, Sat Oct 11 17:43:17 2025 IST <adarsh@adarsh-mint>
# name: W_exp
# type: matrix
# rows: 7
# columns: 1
 -0.38926183363649947
 -0.52834645092129995
 -0.27097382749537458
 -0.56099787035792192
 -0.35359475348199298
 -0.23014831589347812
 -0.056412143556192555


