# Created by Octave 8.4.0, Wed Oct 15 00:42:45 2025 IST <adarsh@adarsh-mint>
# name: W_exp
# type: matrix
# rows: 7
# columns: 1
 0.047857999687243934
 -0.57893280238755229
 0.41720966815689486
 -0.41203769789932554
 -0.36958063437239408
 -0.31140146546492481
 0.2917991303877806


