# Created by Octave 8.4.0, Sat Oct 11 02:54:32 2025 IST <adarsh@adarsh-mint>
# name: W_exp
# type: matrix
# rows: 7
# columns: 1
 -0.31645582601197136
 0.49368006770257822
 -0.37799894652828969
 -0.47474829646420802
 -0.019242475539029729
 0.18019991139796021
 -0.50499927864442673


