# Created by Octave 8.4.0, Sat Oct 11 13:44:09 2025 IST <adarsh@adarsh-mint>
# name: W_exp
# type: matrix
# rows: 7
# columns: 1
 0.23703971722385994
 -0.39476483388260902
 -0.091212322723107142
 0.23568762505670285
 -0.43339649423435178
 -0.39134613223952741
 -0.61896707306058807


